1 : 67  # вектор [1;67]

my_vector1 <- 1 : 67
my_vector2 <- c(-32, 45, 67, 12.78, 129, 0, -65)
